accuracy: 0.29411764705882354
precision: 1.0
recall: 0.29411764705882354
f1_score: 0.45454545454545453
