rouge1: 0.1755787563657612
rouge2: 0.07109430741633899
rougeL: 0.12923582198194278
bertscore: 0.0813332200050354
