rouge1: 0.13264414088128915
rouge2: 0.059980166241172875
rougeL: 0.09885673906340509
bertscore: 0.4795885980129242
