accuracy: 0.6363636363636364
precision: 1.0
recall: 0.6363636363636364
f1_score: 0.7777777777777778
