accuracy: 0.504950495049505
precision: 1.0
recall: 0.504950495049505
f1_score: 0.6710526315789473
