Accuracy: 0.37254901960784315
Precision: 1.0
Recall: 0.37254901960784315
F1 Score: 0.5428571428571428
